6764509134283266
433542966783672328
4639859906843770890
4619032963714154560
4802941819027472
144539669374173696
11529364635758166017
577023994885115970
23098677766988288
2419563332286874112
1193541868160352384
9223521714366136960
293864618403562496
1718255878272
22520270196064258
968293994588014597
2883465120750010882
2310346617467307012
378584049985331968
20266250402275328
82190770527863328
36310272801506304
563708049760768
9288739210134016
1733938634169745920
4506348691917056
1189514351124677634
10106081962017951904
145135627182096
1274661633221739009
1130298093011993
36733171840320000
6898645409472512
144821384317503488
4621331106267922752
721720566347989056
215521459060992
9229002644490668040
1211822362243237896
5189273778756042816
308497742856998914
9368934201627255049
1153203530417308674
137841606916
1171234978875326976
306254431937102592
2295853993952256
2310351007986884672
865819369188360192
72130342462817344
19140577725579536
144117406493842176
1324060695930732560
2305935439664005121
290519595197595908
1154060753341325448
2307250934945681424
218470832316884480
252205995469606914
576460752647621636
578713170870143488
1170936182560002240
18023615577222144
19157892783669578
