36029210409709698
18031991769276424
2449967139420914304
2738193010680528960
9295438427599208450
144137186898413616
36031545814811136
5332266359038435586
18155139220119936
380695180887465984
288793609608646784
3459046127578447880
20407176332050560
1407392072007688
281547999674372
281478348931218
290588278846406664
27022422408450048
157910761562178128
864832415967873024
1153062792052541440
77687643361542148
9227950403541403665
289358475165728836
9223548605107814400
105572447814016
1155191742717231363
36327866329727616
288256766578524290
4648277773990236181
18295894962341376
844983277995011
70379758420000
36139849891201024
105557461569600
1227371704708237316
5764889582143278160
11530340981744410640
17665267597832
290622914535887104
53327387852800
653039675597963264
288249068386320448
176205328941072
288512985002213392
9890186265339428872
148619921608409104
145145208111105
1189249507343204608
423320705180160
4689390704722477440
1143492275405056
2328580909759992064
4611826781686857856
181551377191801088
2413930503070581248
563166859772166
54043749583434017
5765803868995223586
37242657991622753
220113466695159810
4611967502598031361
1193735378981486677
758896304389768194
